4.86562974711063280e-004
1.79706766793491450e-003
3.14017423608441710e-004
3.24005542443625860e-003
5.83591592798062880e-049
5.86586719349587880e-049
1.05664278650712900e-003
7.01498951503491930e-004
2.69831484984931720e-004
5.83829236025813250e-049
5.94943909010045160e-049
1.84989840011087980e-003
5.85411013069047790e-049
1.22690837711801270e-004
6.68440133944357200e-004
8.43418686656523080e-049
5.04526196360219360e-004
2.28485274669713170e-004
1.34610770156411690e-003
2.77336226432112360e-004
1.09694122301010380e-048
2.61119205459537820e-004
2.04940759808472680e-004
1.09702888550279700e-048
1.08970234858219110e-048
1.11046725381686800e-048
7.01935259423200250e-004
1.09379091298114090e-048
1.04399975341320080e-048
2.05301547184276130e-004
1.64463229412539030e-003
2.20041428574482490e-003
5.05322632579137940e-004
3.95720077042269710e-003
1.89036236735528110e-004
2.18820429510632920e-004
1.38585745803148960e-003
9.79337339893398410e-004
3.75237852915917020e-005
1.75705108103243520e-004
7.59170601657026190e-005
2.49406474026451660e-003
7.32036322512378250e-005
8.21797111687909010e-004
9.54732077283126210e-004
4.61943854689793850e-004
2.21737245990281640e-003
5.20029582680317060e-004
1.73668893940769260e-003
5.39577676752501170e-049
5.42000663772104790e-049
6.38564618867148060e-004
5.10599066991650980e-004
5.41622808943122680e-049
5.39247658776475450e-049
5.49582794424600040e-049
1.12427187346236890e-003
2.74415998932379330e-004
5.17796218208872060e-049
5.67750021385816410e-004
6.24249200225088690e-004
1.60475576477202520e-004
1.24416795984114910e-004
5.71184453154074890e-004
9.49290815379176160e-048
9.50624371625054520e-048
1.18084361114347850e-004
7.38506251639429310e-005
1.50386755144568370e-004
9.41831656357912460e-048
9.60489059605270180e-048
2.54842814912261340e-004
1.25451750637525370e-004
9.05087253568512060e-048
7.87517701242110710e-005
3.72762965842633090e-003
1.49669703051262450e-003
2.19223617797655340e-004
3.34634263140509830e-003
1.10813981328257020e-004
9.36095384317231210e-005
1.03447493973973490e-003
7.17135764261621800e-004
5.60554332322999640e-049
2.85627755974688280e-004
5.69105498235907190e-049
1.59644749376878840e-003
5.59800225515788280e-049
1.89867419261391130e-003
7.08868817256907740e-004
2.93035934903976370e-003
1.15335437635082690e-003
2.61533791363545920e-004
3.30962844746315790e-003
4.40244094225100930e-004
7.15497149328151480e-049
7.99314049069889940e-004
5.56063005808990960e-004
1.66937143053461230e-004
7.12173994992240490e-049
7.25593305674854660e-049
1.42356573180105410e-003
2.48787397370215550e-004
1.53569625890543210e-003
5.14781014656953560e-004
1.16081934146329100e-003
3.56482992821838770e-004
2.26392662908742910e-004
1.13520870361686790e-003
4.23291016958910540e-048
4.24619321449859230e-048
2.35170513357269470e-004
1.52710276575599710e-004
4.24781872391839510e-048
4.22027230108901430e-048
4.30133921131363960e-048
5.21328138924462910e-004
4.23579531946011800e-048
4.08573436828103990e-048
1.63873420553239540e-004
1.91307752352124220e-003
1.63960454705696250e-003
2.47853425445275880e-004
3.63100735816644080e-003
5.49817376207133980e-049
5.52929259374531640e-049
1.07377109940687250e-003
8.13026984346738780e-004
2.34738526126447060e-004
5.70000597115637270e-006
5.60804275630682830e-049
1.84017649105512260e-003
4.40020020759240410e-004
8.95810319101353010e-004
7.56720377319568390e-004
3.35059018220925690e-003
1.46062551231761530e-003
1.93804801020790930e-004
2.79690233464506340e-003
2.79890738653937470e-004
5.05273011113693020e-049
1.03962512090116860e-003
6.72910301329322260e-004
6.35755756017299080e-005
5.02888615861449280e-049
5.12449737526509050e-049
1.80891247488773910e-003
2.37336421938159700e-004
1.90483394331790090e-003
7.51850140470830910e-004
3.40134348638558440e-003
1.39077896316659880e-003
2.52501230363186240e-004
1.87803363782559580e-003
6.84010440970743370e-049
7.04902855012903040e-005
1.07390313161519290e-003
6.53177517366628610e-004
6.86647670808996350e-049
2.44518862718364080e-004
6.96920867016162300e-049
1.59327056532706980e-003
2.69902276961624400e-004
7.51928882010952140e-004
6.70792909878393250e-004
3.86426004136659370e-003
1.29415502148351720e-003
2.99070539281537740e-004
3.97928524862504060e-003
6.59918331181132110e-004
5.45931446880414440e-049
9.48663231194653460e-004
7.72809934302549340e-004
5.45527618916903340e-049
2.83268164141120660e-004
5.53711592661338180e-049
1.10001416883743590e-003
4.45469552930664890e-004
2.06031490966401400e-003
6.37351913322508850e-004
4.04160691906211430e-003
1.18698472406094560e-003
2.58867474700384550e-004
2.50417781318835240e-003
4.71097283190261220e-049
4.73332872300009910e-049
6.56949441895753920e-004
5.09414093418694680e-004
4.72948504721170200e-049
1.48916709575911460e-005
4.80010967455508510e-049
1.26832427104462500e-003
2.64249273386332980e-005
1.16077877022185930e-003
6.43439115833091480e-004
3.33936065439066190e-003
1.24986827920021560e-003
4.81281915225091100e-004
2.25027524597867660e-003
2.81673610711860670e-004
1.37581708467005340e-004
8.49290140955786260e-004
5.30737579658018620e-004
7.24755694455819940e-049
7.22097891309272010e-049
7.35611264779145620e-049
1.44562225573921990e-003
3.46634718069061530e-004
4.55008270044792370e-004
5.25149529409759770e-004
1.23261536015074150e-003
3.14717794557161220e-004
1.89526549259918990e-004
4.00061879414112260e-048
3.65354154607746640e-048
3.66329773034204650e-048
1.95615033581848890e-004
1.32981891819895120e-004
3.66583085543037790e-048
1.00102149584487010e-004
3.70894208859671330e-048
4.51855540493146530e-004
1.85333512786282030e-004
3.50977517983107720e-048
1.40622622697651500e-004
