3.43683667775354020e-002
2.07396283922593080e-002
1.24913181864028580e-002
3.43382401499286170e-002
1.51359508045126910e-003
1.33314748877283990e-002
1.66225027961636670e-047
1.19286013070370610e-002
1.50864517389513700e-002
1.04280450092753590e-002
8.65964231376248340e-003
1.98676535538758260e-002
1.08441224910210060e-002
1.50904726372081530e-002
1.15644304682350350e-002
4.87985180361611080e-002
1.55398713246357110e-002
1.03942559220274560e-002
3.15748434243426500e-002
6.16009715501641630e-047
4.45104475028634070e-047
1.04817145246080220e-002
8.97019242398294430e-003
1.05413695796078530e-002
6.64888048714539280e-003
3.60276502971089550e-047
1.89186990603393070e-002
7.10712189953477750e-003
3.58120595810285590e-002
8.68378255257490000e-003
3.78192660416677010e-002
1.56177111856082800e-002
1.04901390160780530e-002
2.80597125591298090e-002
4.80680641293200380e-047
3.41616507312816440e-047
2.95938086132915360e-003
8.64704680176553960e-003
4.67450482042638450e-047
2.64840247756403120e-047
2.79509960378504150e-047
1.92638779790872930e-002
6.14267844763939470e-003
1.85781722669121420e-002
8.54282277432593180e-003
2.00679960911049340e-002
1.93525409435422800e-002
9.67995828470505190e-003
5.07836623741323780e-002
2.94722392712197510e-047
3.93307876171426850e-003
6.32927932112781030e-003
1.00718506257771130e-002
2.88223129920734380e-047
8.37188580557409430e-003
5.54167400164055220e-003
1.88566463505541490e-002
1.07640146618617860e-002
4.75289555733249880e-003
9.98416582124066720e-003
4.85144371474631530e-002
2.56433956540467020e-002
1.38831768616728590e-002
4.54148328832125190e-002
1.94882758095749740e-047
1.63833674911440210e-047
1.64226473369173460e-003
1.38110922785037100e-002
1.91658021083054450e-047
1.37113564079964520e-003
1.49172634981300540e-047
2.89777494801797680e-002
1.00325277931599210e-002
3.62009663005843920e-003
1.40986471106820200e-002
3.16468712124304830e-002
1.40558085882019610e-002
1.01778901472863660e-002
2.57348609759930380e-002
6.07350200828641230e-047
4.29719345431076430e-047
3.43481961443361670e-047
7.78090279934112470e-003
5.91692415322706460e-047
3.23008327482193960e-047
3.42350281026452060e-047
1.83603863281615880e-002
6.58499201409444650e-003
6.28326781068433810e-047
7.55973593146822000e-003
3.57438684150294190e-002
1.35806851029174770e-002
9.41186394001043010e-003
2.51705645786100900e-002
1.10192444775232980e-002
3.79604098733246590e-047
2.92752608341092590e-003
7.89903312740884540e-003
5.29537615345250600e-003
2.82686545490158360e-047
2.98643666394928620e-047
1.72811786856719610e-002
7.38948703746233460e-003
5.50542566430637920e-047
7.87261149177105600e-003
9.19137620940533970e-003
1.45427671128182340e-002
8.49935378923792790e-003
1.63179252973513590e-002
5.48718664527973010e-047
3.19977881197710410e-047
2.57047554325422610e-047
8.04223008704767550e-003
1.56043465037040800e-002
1.62416762615334550e-003
2.53807720467493680e-047
1.71131285977290280e-002
7.07139420257580330e-003
6.96630806323562370e-047
8.36532804857807390e-003
3.20859757715892810e-002
1.34197419330004760e-002
8.49690724299742400e-003
2.12198909806722640e-002
7.96278444667743710e-047
4.90880491648232210e-047
9.27012692774311500e-003
7.24409932041730590e-003
7.57148169571477790e-047
6.37827147319536960e-003
3.81433207135328470e-047
1.62716742713297500e-002
7.95763224255466830e-003
2.32271262996819950e-002
6.99668102570003260e-003
2.11428026068430430e-002
1.42467731468428580e-002
1.03896437385718120e-002
2.24858436849031640e-002
5.07398635958985520e-047
3.44982960549786060e-047
2.75122826316586330e-047
7.90707018357776800e-003
4.89872176823374870e-047
3.15477397967526980e-003
2.74341232124105180e-047
1.78726030041415000e-002
6.37712615322458870e-003
5.38116131925934060e-047
8.05252462226152890e-003
3.30664463328968230e-004
2.52611328311927520e-002
1.66211913405832500e-002
4.21531120905876970e-002
2.30510987216306710e-047
5.44837915941599750e-003
1.65268127083994500e-047
1.27175907514525590e-002
2.26301458757445740e-047
7.86347983318667900e-003
1.67325805284644190e-047
2.62211485217563250e-002
1.14757435019995900e-002
2.35587934865333280e-047
1.30199235747774940e-002
5.84852426844619110e-002
3.55867393598214080e-002
1.73351452294656410e-002
7.90292170793600310e-002
2.08809173365086580e-047
1.85236941454721490e-047
1.98658822060073690e-002
1.85011925713099230e-002
8.86361371862638690e-003
7.12876795599263170e-003
1.50999467527954940e-002
3.78044747239338340e-002
1.30891298874609780e-002
2.37657414502019560e-002
1.73207780105453270e-002
3.78894151440856140e-002
2.06516723291416160e-002
1.32604349096112370e-002
4.22545181220434080e-002
1.98969680363669280e-002
1.29189607725145470e-002
1.43895973203396490e-002
1.17887879919757070e-002
3.86142089602728960e-047
6.97525343765160060e-003
2.67340076881241890e-047
2.30402972736906060e-002
9.68966036722500830e-003
1.86793522317320780e-002
1.16272697941434240e-002
