-6.66181435951449090e+002
-8.09638644620918910e+001
-1.43624513141257020e-042
-1.24827156239694110e+002
-8.83910897637919060e-045
1.16867534038013690e-053
-4.54490833356695060e+001
-7.44443807924674700e+001
-2.27571224491431890e+001
-1.39802925862442870e-043
9.26672705416901230e-063
-2.42549591258592090e+001
-3.59521359058044170e-043
-1.42656495448115890e-043
-3.71736371139199950e+001
-2.14411083637797720e+003
-9.24260874665322380e+002
-5.52302268771142340e+001
-1.62495572468867950e+001
-3.26593468792662920e+002
-2.76766177267164860e+001
-1.87152373808632520e-043
-1.66277134120839670e+001
-1.09487561273290650e+002
-1.41774777384239480e+002
-3.91622559006158680e+001
-6.78396310905381810e-044
-7.48841571347411300e+001
-1.64476749304775820e+001
-8.33890795188925440e+001
1.48322078358003150e+002
-1.57788487882313420e+004
-6.62123324243362160e+002
-1.77904267024662490e+002
-8.19367155354894730e+000
-1.21044440227541360e+002
-9.93596129924035940e+000
-1.93903936243721690e-043
-1.25982814212574170e+001
-9.03396185919960430e+001
-2.95774359819226470e-043
-3.08259275258539630e+001
-6.81389368990171360e-044
-6.14530730868212630e+001
-1.40720831159583110e+001
-2.24445591679254730e-043
7.23515271137939490e+001
-6.72620804729205070e+003
3.47519361202572950e+002
9.34556867414241240e+003
3.28285662950835050e+001
2.96536031284872590e+002
1.22586212104905690e+001
-7.41613101457567850e+000
8.54613017942824170e+002
3.48826224965114940e+003
1.18075141834328770e+001
1.91600947678298230e+003
-8.76491791985230330e+000
6.09853601591564030e+002
2.63637452640724230e+002
-1.45080278833005350e+003
9.88225577267925290e+003
-1.59802868895507100e+005
-4.78015890341519590e+002
-2.95338580704207460e+002
-1.70178322031472680e+001
-5.20244019400758590e+002
-7.05287690902514310e-044
8.38124808969448200e+001
-2.37724354258576970e+001
-1.13972384713048400e+002
-4.25704013205830210e-044
2.80498074417038230e+001
-3.50239890262767460e-043
-3.35812428631804420e+001
-1.51942615514691840e+001
-1.62803458390265250e-043
-6.79675954695410240e+001
-7.07119700933955390e+003
-1.85271381722155400e+001
-3.18445948438754530e-043
0.00000000000000000e+000
-1.03858046947588310e+002
1.61478914942861540e-143
0.00000000000000000e+000
-6.15439852934027780e-044
-1.66649515952236350e-043
5.96388237225277040e-184
0.00000000000000000e+000
0.00000000000000000e+000
-8.08710763540461340e-044
-1.37244441809198070e+001
-9.44472761469678660e+001
-2.75419077901337970e-043
-1.09048302466066180e+002
-2.57798388689087400e+002
-2.55170434911052720e+002
-2.34992161728745440e+001
-2.74781842397988100e+002
-8.92569743493250940e-044
-3.07966823927023940e+001
-2.93149423133233850e+001
-7.87860467162104780e+001
-3.19076346375446480e-043
-7.57866369273278200e+001
-3.88464638476934110e-045
-6.32784338224211280e+001
-1.61566488603583170e+001
-3.47712065066598440e+001
-4.34312511128650980e+001
-3.08198453361299790e+003
-4.27741466872154260e+002
-1.99578873368587920e+002
-2.10895525566359760e+001
-1.90826882972913550e+002
-3.04129539724416140e-044
-2.20102556438281130e+001
-1.14488110660045230e-043
-4.27564031521388730e+001
-5.55144491342228510e-044
-6.43495649316159590e+001
-7.79795197912214810e+000
-2.29885884195812730e+001
-1.07539618664032640e+001
-9.80314715648779210e-044
-3.79655268826603840e+001
-2.54837647591309770e+003
-1.20457455582524380e-044
-1.10199133855342430e+001
0.00000000000000000e+000
-4.26935706235720080e+001
0.00000000000000000e+000
0.00000000000000000e+000
0.00000000000000000e+000
4.95354825191917380e-147
0.00000000000000000e+000
-8.58683909992569920e+000
0.00000000000000000e+000
-9.04235265160137480e+000
-2.01686037335940220e-043
-7.43250758135729370e+001
0.00000000000000000e+000
-3.50059216182895410e+001
-6.49771857503472570e+002
-9.47273582182205020e+001
-1.62012642617994620e+001
-5.98094721542577190e+002
-4.25286432398095660e-044
-1.73953595522110320e-046
-1.77319860452637170e-043
-4.38054754251374230e+001
-4.76461216670507850e+001
-9.93621830465233740e+000
-2.38333463242454610e-043
-1.89505260239747320e+001
-1.15331655331387260e-043
-5.11367606747753350e-044
-2.20319552616993310e+001
-5.61521261976458390e+003
-1.02042759505371950e-043
-2.39591912632251220e+001
4.31393167393862430e-247
-2.61015006454072020e+002
3.26331554864156820e-054
6.80363837716475490e-154
-1.15806598776149490e+001
-2.76689302246288980e+001
1.81535304482966250e-058
5.52696682036747510e-292
2.13387237578293210e-264
-2.67515828506757350e-045
3.50579345926655360e-195
-1.78691597576947200e+002
-2.02427025414549950e-043
-4.71119097789709710e+002
-1.54301521595998900e+001
-4.37574970701928270e+001
1.98986119875064150e-280
-2.58840952489799920e+002
5.56591656605408070e-056
4.77757331994249020e-172
-4.23612022203255200e-044
-9.98891947195986420e+000
5.63612330690412620e-061
-3.35100212271080980e-044
1.49433172476931630e-300
-1.69113480877749610e+001
4.60387241569815070e-220
-1.55223421162482620e+002
-9.61602680650073080e+000
-4.28097763000379980e+002
-1.17310117376452190e+003
-2.26226787735140590e+002
-3.13541891378451370e-043
-3.85593791445888770e+002
-8.79409271651998910e+000
-2.00374667967979150e+001
-1.31369027725764830e-043
2.97202217083001340e+001
-1.10854392632637890e+001
-3.07838016828284320e-043
5.18513331255981600e+002
-7.22025345706720150e+001
4.52153395528435400e+002
-6.62931223860093300e+001
-9.64742384595244930e+000
-1.73070366960406390e+004
-9.09993380971897860e+002
4.20560555383058270e+002
4.97866435791248120e+000
-7.11476868915455160e+002
2.17244449733270240e+001
-1.08727680141188370e+001
2.54745128594901700e+002
5.04023439122532070e+002
-1.07915837978905490e+002
-1.85303498120706610e+001
-1.20629961528320510e+001
1.92642069737616990e+002
-1.49313198487423580e+001
-3.74341723105896160e+001
1.77623405854705680e+002
-2.88739666381467250e+004
-1.33993185160885450e+002
3.61356262736723010e+002
1.31399150071182240e+001
-9.87593803207887620e+002
-1.90255795904462130e+000
1.47440699559449140e+001
-1.32775056944816060e-043
-2.26497641881058560e+001
-3.75441563713941950e+001
-6.36936357304472000e+000
-6.70047187588242640e+000
-3.50754252614787350e+001
1.88364851775645190e+000
-3.50031084242203930e+001
1.13081025783698450e+002
-2.34398938332801550e+004
-4.31206676690658470e+002
-2.50149396221017890e+002
-3.28166758421537210e+001
-5.82681249667828410e+002
-2.71275745057998430e-043
-3.04326008701082010e-043
-2.13634847778038490e+000
-7.07958061133841740e+001
-2.08758362467415810e+001
-2.51742528852619930e+001
-1.14312045412687140e-043
-1.05617983570791130e+002
-1.74853349273352380e+001
-1.02158606597717640e+002
5.97527364965564800e+001
-1.21165712955859910e+004
-1.51039429664472780e+002
-5.61406378088783460e+001
-1.17763209080936220e+001
-6.81892060163252150e+002
-8.62194050974694660e-044
-9.29126625785780080e-044
-3.86915412868273020e+000
-8.68011738003711320e+001
-9.41264075450749210e-044
-2.24572037080274570e-043
-4.59995282296332920e-044
-6.90799889606944080e+001
-2.18670993702634680e+001
-4.44071202443485970e+001
7.14292034940060740e+001
-1.20112528048808820e+004
-5.10823464412541600e+001
-7.14703095849173740e+001
-2.85818095178792890e+001
-8.21783720987546530e+002
-2.87772691633304730e-043
-1.37644050979339560e+001
-8.99113286306878300e+000
-5.90639764627832090e+001
-2.70119163217045480e-043
-2.08385425130853400e+001
-1.85136958621195690e+001
-5.48880304104495590e+001
-8.31521859488931090e+000
-1.09229287126524120e+001
6.32449928645403220e+001
-1.69782487130765660e+004
-1.55321051523569990e+002
1.57886576097039780e+003
3.62729501486578830e+000
-7.13215104457328040e+002
-1.55818126988004020e-043
-1.93228691149222540e-043
3.72799535157341480e+000
8.73103276910267430e+001
-1.83543536195155360e-043
-6.24429201231825990e+000
-3.18033772291893510e-043
9.04146673936538010e+001
-2.17913573545708700e+001
-4.73872651855143620e+000
5.15976389811292050e+002
-3.02193901571323910e+004
-1.08850348065022150e+002
-2.32486061930677150e+002
2.29237992279247140e+001
-6.73751385874197010e+002
-8.27697525778367790e-044
-7.29191582852438430e-044
-1.47823056548026750e-043
-7.10413260308255160e+001
-2.84870413406625760e-043
-2.09582065266078190e-043
-5.22863132382154750e-044
-9.88613682271757170e+001
-2.16235482044947740e+001
-2.11363901465277020e-043
-5.45778956243575660e+000
-1.02599634668555740e+004
-1.39427545951704050e+002
-1.25255410506419440e+002
-3.59118818242330560e+001
-6.26998661066112500e+002
-1.67380056432249550e+001
-1.59031839854568500e-043
-1.27838511934319480e+000
-7.94881155303773280e+001
-1.35868826330848800e+001
-2.33582295587806610e-043
-1.95553944462421010e-043
-6.69687530134471700e+001
-2.01900514427087470e+001
-1.61835268173238580e-043
5.12684404815443880e+001
-1.07633936896169630e+004
-1.38262944154514930e+001
-4.89757717547206890e+000
-3.91287715319879010e+001
-7.36100288325136150e+002
-6.24605203390248670e-044
-3.64263776605356030e-044
-1.48417527378145830e-043
-8.73110025225988270e+001
-3.78328925549076660e+001
-7.19727130768103770e+000
-9.93854984333416320e-044
-8.45585323593073500e+001
-2.54452843667034080e+001
-1.80627530131670520e-043
6.34795479067109620e+001
-1.05631655710180130e+004
-2.35624388660198210e+002
-2.72641730734991880e+002
-3.76261331576924290e+001
-5.28842188452062260e+002
-7.55393557018455260e-044
-3.32229222172917050e-043
6.15187605597313510e+000
-9.32685520566919170e+001
-1.02052860053845810e-043
-2.39170733093248590e+001
-3.04597763005022280e-043
-1.09140635950385670e+002
-2.43402965099062700e+001
-5.54405894438053080e+001
2.88790190645050590e+001
-8.69502319469523720e+003
-5.74250256457314380e+001
-2.76342581804618990e+001
3.58484545180766860e+001
-6.27649443875496560e+002
-8.27870309015521170e-044
-4.08653504425947310e-044
-1.26020693728116420e-043
-8.41975844240270560e+001
-3.13719367010280100e-043
-1.16046629044364170e+001
-5.66304311530148060e-044
-5.53995112800516620e+001
-2.02187640027636920e+001
-2.05346931635650920e-043
7.14497582034510970e+000
-1.10682734584696700e+004
-5.18749387932824630e-002
7.34285795744692450e+002
1.79381320767079190e+002
-7.41670055345358260e+002
-1.99905789427336450e-043
-1.27263196201425670e+001
-1.29339724800558420e-043
1.00860820174795230e+001
-1.21913774107880740e-043
-1.75729142835047510e+001
-8.76382311820729030e-044
5.84805405479464890e+001
1.04129203333830310e+000
-1.73144961636326490e-043
1.84594843064030410e+002
-2.41377658370835340e+004
-1.39086402949703090e+002
7.71182842629744410e+002
3.93310841780153190e+000
-9.21448230873842590e+002
3.46389583683048840e-014
-4.94946311488736370e-044
1.42724142282795470e+002
4.62411843025611970e+002
-2.36290906321364140e+001
-1.58034379942718830e+001
2.73969496508738750e+001
6.16047748568403220e+001
-1.46192269662474420e+001
-4.70825551017269670e+001
4.54205206663315610e+002
-3.77183756137128440e+004
-1.20331199539697910e+002
-2.30187799754530970e+002
-1.39620542913713340e+001
-1.03279214342833890e+003
-2.35121611912267630e+001
-1.11247798251171390e+000
1.68735277161479050e+002
2.42215378384890930e+002
-1.34874793813795160e-043
-2.26372076871589130e+001
-1.76657586335513150e-043
-1.06079769887235740e+002
-3.02755436561777990e+001
-2.90940665920799010e+001
2.98178072811380620e+001
-1.95559469540968930e+004
-4.58195044563242820e+001
-2.80633755229721710e+002
-2.74168004551331210e+001
-5.82087734912116050e+002
-8.02359149365647290e-044
-1.15361604530840160e-043
3.13671721076948300e+002
2.53677196042104920e+001
-3.08302679766233080e+001
-1.91524214806190810e-043
-4.18771977068709720e-044
-1.81881283918477070e+002
-3.89118388353100650e-043
-1.41041068439999580e+001
3.12013297200244610e+001
-1.65487663935688940e+004
-1.64363751986602870e-043
-2.51571732306740270e+002
-3.04430458989796620e+001
-2.93650336450075490e+002
-1.91782962685986150e+001
-5.35636990093001410e-043
-2.09341732550790170e+001
-8.50088266383175580e+001
-3.83405928919398760e-044
-5.56087446194573630e-044
-2.21061901778726750e-044
-1.52501422852375410e+002
-4.91179449051071950e-043
-9.81617458811915350e-044
-5.31977104013160940e+001
-4.43765527852122700e+003
-1.90746197615295900e+002
-3.92790568960907650e+001
-3.15178521572420070e+001
-8.09241761367619120e+002
-1.73553800655399610e+001
-2.22282882174736970e+001
6.55598064991244200e+002
2.94387216649045340e+002
-6.83015155730240760e+000
-1.81934431260745200e+001
-1.26380693459936620e+001
1.80081082596425440e+001
-1.34667777123912010e+001
-9.71874215457956300e+001
3.34830002878305780e+002
-2.82615776306606420e+004
-4.06244648207048580e+001
-4.24898088411685390e+001
-3.43871670808693110e+001
-2.97811190016260920e+002
-2.97716387718726500e-043
-1.81453989685112410e-043
-1.70922451482037520e+001
-8.45116569468207640e+001
-3.29410411985446310e-043
-2.01331821274340690e-043
-6.44084571438751030e-044
-1.20536715293016200e+002
-2.47474610449711290e+001
-1.54219058370502030e-043
2.39455003475854690e+001
-1.53065336048986360e+004
-5.30963101350429840e+001
-3.22933680449804470e+001
-2.50541533637085440e+001
-1.18548825756711490e+002
-7.89791313177240810e-044
-2.76415288189481440e-044
-5.03898504098836500e+001
-6.93074384915502580e+001
-7.00322263470937490e+000
-1.64827390553066710e-043
-1.37298811473626680e-043
-1.25570141734585060e+002
-1.17181411890855700e+001
-1.71558883063704240e-043
-3.41749586127756470e+001
-6.34152154597306890e+002
-7.45331077624855990e+002
-3.76995670057089060e+002
-2.47809681697501960e+001
-6.44770175086738160e+002
-1.27909411037780710e+001
-1.27721444064513230e+001
4.17361925563355270e+002
9.72270691185187990e+001
-1.47829042218013250e-043
-2.48521738234220100e+001
-9.77199293640763470e-044
-1.66489579492309870e+002
-2.65936589265625100e-043
-2.10981287173459580e+002
1.73674555343380290e+002
-1.89612066993521290e+004
-5.08595917928879770e+002
-3.21825476190643310e+002
-2.53757119567388370e+001
-7.64765045855886110e+002
-2.91700181064176040e+001
-2.95588054322542620e-043
2.31661107740314460e+002
9.41646142136874720e+001
-1.92346397255929030e+001
-2.20298303238693150e-043
-8.84330864701077690e-044
-2.04504249115104470e+002
-2.67242382385911450e+001
-1.52522314082364490e+002
8.89265275663310640e+000
-1.42517920485916780e+004
-1.19703376198592140e+002
-2.35630725401174460e+002
-2.53469602047433580e+001
-2.16696006140086920e+002
-8.65920706050462810e-044
-2.86812804995746330e-044
-5.54528983472571180e+001
-8.92781807110767010e+001
-3.77824754306279290e-043
-2.51949849356009790e-044
-2.04278577116566390e-044
-1.57679154741933870e+002
-1.05797546131164450e-042
-2.27347620118744190e-043
-3.84407205184608930e+001
-1.79729209965153020e+003
-2.60991491965468980e+002
-3.92271100315134560e+002
-2.65931857881644440e+001
-7.37713781323365420e+002
-3.46489412290631440e-043
-2.44254533398101830e-043
2.47120138055619040e+002
3.07920650701861460e+002
-2.84947185967699750e+001
-1.22283466431101480e+000
-3.06147533708331260e-043
-1.60442275382894140e+002
-4.57257672271507470e+001
-1.03457094780217550e+002
1.43496925607060230e+002
-1.82265848631091360e+004
-7.35616817769535940e+002
-3.50708898380902670e+002
-2.19838616955394530e+001
-5.52594290383649540e+002
-2.53637477097003660e+001
-8.34902316460733110e-044
6.50018661497014360e+002
1.04274815031869140e+002
-9.44813639096714470e+000
-1.65952714994601190e-043
-1.79949289053349330e-043
-1.56562748547647150e+002
-2.94983958028509080e+001
-2.38221324615772460e+002
5.36232220050711590e+002
-2.28573499278798370e+004
-6.58980995022364710e+002
-3.48882616794121820e+002
-2.17473052920623430e+001
-2.55381334853281370e+002
-4.29749107104091450e-043
-1.04907139769500510e+001
8.57332207940691090e+002
-1.00965520320427340e+002
-7.18751472761808480e-044
-2.55894499761827280e+001
-3.00144905163553370e-044
-1.59847567638547250e+002
-2.22331821374689650e+001
-7.02077234784284910e+001
8.26885327944880690e+001
-1.52215348490790890e+004
-8.06614370274512910e+002
-2.80830000073279900e+002
-2.44739200664423250e+001
-9.52686403519361080e+002
-3.78007259362050050e+001
-4.01625970603756430e-043
1.33689883588557900e+002
6.31605185125748900e+002
-1.91081455563884650e-043
-2.27610463380828780e+001
-1.86418550790275950e-043
-1.15680323424268440e+002
-3.16578122481731190e+001
-2.34942157124488720e+002
1.39651744436269980e+001
-2.09673601048982090e+004
-1.25928775582993080e+003
-3.39147301075192560e+002
-2.87907213208432750e+001
-5.06047616639737780e+002
-1.85259965255341530e-043
-2.15710069253929230e-043
5.80546256086179820e+001
-3.64527235886466700e+001
-1.05886003360183380e-043
-1.71413943851747660e+000
-1.09475926896411560e-043
-1.59857402641174250e+002
-6.01286907352096560e+000
-1.25200589548732210e+002
1.39056728759008550e+003
-2.27038893754396050e+004
-7.29179292696932750e+002
-3.40499398849730030e+002
-3.73192553894738450e+001
-3.45869696822106280e+002
-1.83047209304526600e+001
-1.23532097175925110e+001
2.78549086456968270e+002
-7.72277461843402050e+001
-6.91774657333588930e-044
-1.55761354817289510e-043
-4.51603141768661210e-043
-1.83434593770592560e+002
-2.49161819685910150e+001
-3.34959104504249150e+001
1.11627893982952740e+001
-1.39454701523936200e+004
-2.21553717123513820e+002
-2.07824730809697340e+002
-2.31799019607232000e+001
1.61658854104018700e-004
-6.39364799273521920e-044
-2.24267509868800650e-044
-3.57567748869770550e+001
-5.99129368992446490e+001
-5.58182987481088300e-044
-8.97747527541135250e+000
-1.59665437865228940e-044
-1.58199167149436330e+002
-1.45562293955315540e+001
-1.39372667098728010e-043
-5.17022447044361190e+001
-1.61560454381645290e+003
